# Current Time 2016-07-16 20:59:56 UTC+0
# 
ILIB = 2
TLIB = "example/lib.lvg"
IPAR = 1
TPAR = "T_{kin}"
Min  = 30.000000
Max  = 155.00000
Mean = 92.500000
Median = 105.00000
Error = 62.500000
